3 
0 0 0 0 1 213 20 0 0 0 
0 2 0 7 99 111 110 110 101 99 
116 0 63 240 0 0 0 0 0 0 
17 9 1 29 111 98 106 101 99 116 
69 110 99 111 100 105 110 103 4 3 
27 118 105 100 101 111 70 117 110 99 
116 105 111 110 4 1 23 118 105 100 
101 111 67 111 100 101 99 115 4 129 
124 23 97 117 100 105 111 67 111 100 
101 99 115 4 152 119 13 115 119 102 
85 114 108 6 33 97 112 112 58 47 
109 111 100 95 115 101 114 46 100 97 
116 17 102 108 97 115 104 86 101 114 
6 27 87 73 78 32 49 48 44 195 
49 44 56 53 44 51 9 102 112 97 
100 2 25 99 97 112 97 98 105 108 
105 116 105 101 115 4 129 111 11 116 
99 85 114 108 6 77 114 116 109 112 
115 58 47 47 112 114 111 100 46 98 
114 46 108 111 108 46 114 105 111 116 
103 97 109 101 115 46 99 111 109 58 
50 48 57 57 15 112 97 103 101 85 
114 108 1 7 97 112 112 6 1 1 
1 0 2 0 3 110 105 108 2 0 
0 17 10 129 35 77 102 108 101 120 
46 109 101 115 115 97 103 105 110 103 
46 109 101 115 115 97 103 101 195 115 
46 67 111 109 109 97 110 100 77 101 
115 115 97 103 101 19 116 105 109 101 
115 116 97 109 112 27 99 111 114 114 
101 108 97 116 105 111 110 73 100 9 
98 111 100 121 19 109 101 115 115 97 
103 101 73 100 23 100 101 115 116 105 
110 97 116 105 111 110 21 116 105 109 
101 84 111 76 105 118 101 17 99 108 
105 101 110 116 73 100 15 104 101 97 
100 101 114 115 19 111 112 101 114 97 
116 105 111 110 29 109 101 115 115 97 
103 101 82 101 102 84 121 112 101 4 
0 6 1 10 11 1 1 195 6 73 
53 55 69 51 54 70 68 54 45 69 
49 57 65 45 56 68 52 66 45 49 
67 51 55 45 69 52 53 53 65 67 
52 54 51 49 57 65 6 1 4 0 
1 9 1 9 68 83 73 100 6 17 
109 121 45 114 116 109 112 115 37 68 
83 77 101 115 115 97 103 105 110 103 
86 101 114 115 105 111 110 4 1 1 
4 5 1 0 109 
0 210 0 251 0 184 0 25 0 110 
0 71 0 116 0 5 0 74 0 211 
0 112 0 49 0 102 0 159 0 172 
0 157 0 194 0 171 0 40 0 73 
0 94 0 247 0 228 0 53 0 58 
0 131 0 224 0 97 0 86 0 79 
0 28 0 205 0 178 0 91 0 152 
0 121 0 78 0 167 0 84 0 101 
0 42 0 51 0 80 0 145 0 70 
0 255 0 140 0 253 0 162 0 11 
0 8 0 169 0 62 0 87 0 196 
0 149 0 26 0 227 0 192 0 193 
0 54 0 175 0 252 0 45 0 146 
0 187 0 120 0 217 0 46 0 7 
0 52 0 197 0 10 0 147 0 48 
0 241 0 38 0 95 0 108 0 93 
0 130 0 107 0 232 0 9 0 30 
0 183 0 164 0 245 0 250 0 67 
0 160 0 33 0 22 0 15 0 220 
0 141 0 114 0 27 0 88 0 57 
0 14 0 103 0 20 0 37 0 234 
0 243 0 16 0 81 0 6 0 191 
0 76 0 189 0 98 0 203 0 200 
0 105 0 254 0 23 0 132 0 85 
0 218 0 163 0 128 0 129 0 246 
0 111 0 188 0 237 0 82 0 123 
0 56 0 153 0 238 0 199 0 244 
0 133 0 202 0 83 0 240 0 177 
0 230 0 31 0 44 0 29 0 66 
0 43 0 168 0 201 0 222 0 119 
0 100 0 181 0 186 0 3 0 96 
0 225 0 214 0 207 0 156 0 77 
0 50 0 219 0 24 0 249 0 206 
0 39 0 212 0 229 0 170 0 179 
0 208 0 17 0 198 0 127 0 12 
0 125 0 34 0 139 0 136 0 41 
0 190 0 215 0 68 0 21 0 154 
0 99 0 64 0 65 0 182 0 47 
0 124 0 173 0 18 0 59 0 248 
0 89 0 174 0 135 0 180 0 69 
0 138 0 19 0 176 0 113 0 166 
0 223 0 236 0 221 0 2 0 235 
0 104 0 137 0 158 0 55 0 36 
0 117 0 122 0 195 0 32 0 161 
0 150 0 143 0 92 0 13 0 242 
0 155 0 216 0 185 0 142 0 231 
0 148 0 165 0 106 0 115 0 144 
0 209 0 134 0 63 0 204 0 61 
0 226 0 75 0 72 0 233 0 126 
0 151 0 4 0 213 0 90 0 35 
0 0 0 1 0 118 0 239 0 60 
0 109 0 210 0 251 0 184 0 25 
0 110 0 71 0 116 0 5 0 74 
0 211 0 112 0 49 0 102 0 159 
0 172 0 157 0 194 0 171 0 40 
0 73 0 94 0 247 0 228 0 53 
0 58 0 131 0 224 0 97 0 86 
0 79 0 28 0 205 0 178 0 91 
0 152 0 121 0 78 0 167 0 84 
0 101 0 42 0 51 0 80 0 145 
0 70 0 255 0 140 0 253 0 162 
0 11 0 8 0 169 0 62 0 87 
0 196 0 149 0 26 0 227 0 192 
0 193 0 54 0 175 0 252 0 45 
0 146 0 187 0 120 0 217 0 46 
0 7 0 52 0 197 0 10 0 147 
0 48 0 241 0 38 0 95 0 108 
0 93 0 130 0 107 0 232 0 9 
0 30 0 183 0 164 0 245 0 250 
0 67 0 160 0 33 0 22 0 15 
0 220 0 141 0 114 0 27 0 88 
0 57 0 14 0 103 0 20 0 37 
0 234 0 243 0 16 0 81 0 6 
0 191 0 76 0 189 0 98 0 203 
0 200 0 105 0 254 0 23 0 132 
0 85 0 218 0 163 0 128 0 129 
0 246 0 111 0 188 0 237 0 82 
0 123 0 56 0 153 0 238 0 199 
0 244 0 133 0 202 0 83 0 240 
0 177 0 230 0 31 0 44 0 29 
0 66 0 43 0 168 0 201 0 222 
0 119 0 100 0 181 0 186 0 3 
0 96 0 225 0 214 0 207 0 156 
0 77 0 50 0 219 0 24 0 249 
0 206 0 39 0 212 0 229 0 170 
0 179 0 208 0 17 0 198 0 127 
0 12 0 125 0 34 0 139 0 136 
0 41 0 190 0 215 0 68 0 21 
0 154 0 99 0 64 0 65 0 182 
0 47 0 124 0 173 0 18 0 59 
0 248 0 89 0 174 0 135 0 180 
0 69 0 138 0 19 0 176 0 113 
0 166 0 223 0 236 0 221 0 2 
0 235 0 104 0 137 0 158 0 55 
0 36 0 117 0 122 0 195 0 32 
0 161 0 150 0 89 
139 68 217 205 10 113 148 23 246 146 
200 250 20 36 139 126 91 21 169 150 
5 132 81 255 230 201 13 107 253 181 
247 223 73 26 43 90 221 142 120 183 
55 109 91 212 206 29 45 244 234 150 
155 98 184 33 87 88 158 95 13 30 
204 142 153 118 20 8 119 56 251 12 
122 58 16 193 193 114 124 120 232 95 
219 50 123 164 74 98 176 247 193 244 
85 57 164 141 7 230 148 21 165 176 
139 115 4 103 40 151 228 28 71 190 
35 134 213 241 49 165 227 207 196 164 
248 141 205 4 172 59 170 247 114 73 
157 10 182 73 125 7 40 246 171 26 
87 118 72 50 129 220 165 170 169 241 
251 41 235 52 93 199 13 31 234 113 
86 172 71 142 163 24 77 226 183 231 
254 179 211 40 190 43 134 250 192 254 
199 79 190 77 65 240 237 201 238 194 
48 27 231 71 139 132 123 103 219 192 
126 113 197 49 227 93 237 57 142 84 
104 232 99 114 115 215 163 202 101 83 
120 170 226 190 206 33 82 51 101 191 
145 105 36 156 232 218 177 155 61 36 
62 240 134 175 166 224 132 144 184 200 
173 173 210 97 106 34 179 66 130 228 
138 167 214 164 82 112 80 247 98 109 
22 179 64 216 3 156 183 35 87 64 
41 245 173 31 38 111 46 15 60 179 
5 223 17 167 18 59 176 246 227 207 
33 88 224 176 60 20 