3 
0 0 0 0 1 213 20 0 0 0 
0 2 0 7 99 111 110 110 101 99 
116 0 63 240 0 0 0 0 0 0 
17 9 1 29 111 98 106 101 99 116 
69 110 99 111 100 105 110 103 4 3 
27 118 105 100 101 111 70 117 110 99 
116 105 111 110 4 1 23 118 105 100 
101 111 67 111 100 101 99 115 4 129 
124 23 97 117 100 105 111 67 111 100 
101 99 115 4 152 119 13 115 119 102 
85 114 108 6 33 97 112 112 58 47 
109 111 100 95 115 101 114 46 100 97 
116 17 102 108 97 115 104 86 101 114 
6 27 87 73 78 32 49 48 44 195 
49 44 56 53 44 51 9 102 112 97 
100 2 25 99 97 112 97 98 105 108 
105 116 105 101 115 4 129 111 11 116 
99 85 114 108 6 77 114 116 109 112 
115 58 47 47 112 114 111 100 46 98 
114 46 108 111 108 46 114 105 111 116 
103 97 109 101 115 46 99 111 109 58 
50 48 57 57 15 112 97 103 101 85 
114 108 1 7 97 112 112 6 1 1 
1 0 2 0 3 110 105 108 2 0 
0 17 10 129 35 77 102 108 101 120 
46 109 101 115 115 97 103 105 110 103 
46 109 101 115 115 97 103 101 195 115 
46 67 111 109 109 97 110 100 77 101 
115 115 97 103 101 19 116 105 109 101 
115 116 97 109 112 27 99 111 114 114 
101 108 97 116 105 111 110 73 100 9 
98 111 100 121 19 109 101 115 115 97 
103 101 73 100 23 100 101 115 116 105 
110 97 116 105 111 110 21 116 105 109 
101 84 111 76 105 118 101 17 99 108 
105 101 110 116 73 100 15 104 101 97 
100 101 114 115 19 111 112 101 114 97 
116 105 111 110 29 109 101 115 115 97 
103 101 82 101 102 84 121 112 101 4 
0 6 1 10 11 1 1 195 6 73 
54 67 65 70 51 48 66 51 45 53 
48 48 57 45 48 67 52 55 45 68 
66 50 52 45 67 66 53 53 67 51 
51 53 65 67 53 66 6 1 4 0 
1 9 1 9 68 83 73 100 6 17 
109 121 45 114 116 109 112 115 37 68 
83 77 101 115 115 97 103 105 110 103 
86 101 114 115 105 111 110 4 1 1 
4 5 1 205 
0 178 0 91 0 152 0 121 0 78 
0 167 0 84 0 101 0 42 0 51 
0 80 0 145 0 70 0 255 0 140 
0 253 0 162 0 11 0 8 0 169 
0 62 0 87 0 196 0 149 0 26 
0 227 0 192 0 193 0 54 0 175 
0 252 0 45 0 146 0 187 0 120 
0 217 0 46 0 7 0 52 0 197 
0 10 0 147 0 48 0 241 0 38 
0 95 0 108 0 93 0 130 0 107 
0 232 0 9 0 30 0 183 0 164 
0 245 0 250 0 67 0 160 0 33 
0 22 0 15 0 220 0 141 0 114 
0 27 0 88 0 57 0 14 0 103 
0 20 0 37 0 234 0 243 0 16 
0 81 0 6 0 191 0 76 0 189 
0 98 0 203 0 200 0 105 0 254 
0 23 0 132 0 85 0 218 0 163 
0 128 0 129 0 246 0 111 0 188 
0 237 0 82 0 123 0 56 0 153 
0 238 0 199 0 244 0 133 0 202 
0 83 0 240 0 177 0 230 0 31 
0 44 0 29 0 66 0 43 0 168 
0 201 0 222 0 119 0 100 0 181 
0 186 0 3 0 96 0 225 0 214 
0 207 0 156 0 77 0 50 0 219 
0 24 0 249 0 206 0 39 0 212 
0 229 0 170 0 179 0 208 0 17 
0 198 0 127 0 12 0 125 0 34 
0 139 0 136 0 41 0 190 0 215 
0 68 0 21 0 154 0 99 0 64 
0 65 0 182 0 47 0 124 0 173 
0 18 0 59 0 248 0 89 0 174 
0 135 0 180 0 69 0 138 0 19 
0 176 0 113 0 166 0 223 0 236 
0 221 0 2 0 235 0 104 0 137 
0 158 0 55 0 36 0 117 0 122 
0 195 0 32 0 161 0 150 0 143 
0 92 0 13 0 242 0 155 0 216 
0 185 0 142 0 231 0 148 0 165 
0 106 0 115 0 144 0 209 0 134 
0 63 0 204 0 61 0 226 0 75 
0 72 0 233 0 126 0 151 0 4 
0 213 0 90 0 35 0 0 0 1 
0 118 0 239 0 60 0 109 0 210 
0 251 0 184 0 25 0 110 0 71 
0 116 0 5 0 74 0 211 0 112 
0 49 0 102 0 159 0 172 0 157 
0 194 0 171 0 40 0 73 0 94 
0 247 0 228 0 53 0 58 0 131 
0 224 0 97 0 86 0 79 0 28 
0 205 0 178 0 91 0 152 0 121 
0 78 0 167 0 84 0 101 0 42 
0 51 0 80 0 145 0 70 0 255 
0 140 0 253 0 162 0 11 0 8 
0 169 0 62 0 87 0 196 0 149 
0 26 0 227 0 192 0 193 0 54 
0 175 0 252 0 45 0 146 0 187 
0 120 0 217 0 46 0 7 0 52 
0 197 0 10 0 147 0 48 0 241 
0 38 0 95 0 108 0 93 0 130 
0 107 0 232 0 9 0 30 0 183 
0 164 0 245 0 250 0 67 0 160 
0 33 0 22 0 15 0 220 0 141 
0 114 0 27 0 88 0 57 0 14 
0 103 0 20 0 37 0 234 0 243 
0 16 0 81 0 6 0 191 0 76 
0 189 0 98 0 203 0 200 0 105 
0 254 0 23 0 132 0 85 0 218 
0 163 0 128 0 129 0 246 0 111 
0 188 0 237 0 82 0 123 0 56 
0 153 0 238 0 199 0 244 0 133 
0 202 0 83 0 240 0 177 0 230 
0 31 0 44 0 29 0 66 0 43 
0 168 0 201 0 222 0 119 0 100 
0 181 0 186 0 3 0 96 0 225 
0 214 0 207 0 156 0 77 0 50 
0 219 0 24 0 249 0 206 0 39 
0 212 0 229 0 170 0 179 0 208 
0 17 0 198 0 127 0 12 0 125 
0 34 0 139 0 136 0 41 0 190 
0 215 0 68 0 21 0 154 0 99 
0 64 0 65 0 182 0 47 0 124 
0 173 0 18 0 59 0 248 0 89 
0 174 0 135 0 180 0 69 0 138 
0 19 0 176 0 113 0 166 0 223 
0 236 0 221 0 2 0 235 0 104 
0 137 0 158 0 55 0 36 0 117 
0 122 0 195 0 32 0 161 0 150 
0 143 0 92 0 13 0 242 0 155 
0 216 0 185 0 142 0 231 0 148 
0 165 0 106 0 115 0 144 0 209 
0 134 0 63 0 204 0 61 0 226 
0 75 0 72 0 233 0 126 0 151 
0 4 0 213 0 90 0 35 0 0 
0 1 0 118 0 1 186 255 21 23 
119 148 50 100 222 179 25 39 112 170 
108 196 18 155 87 11 96 126 126 96 
69 105 52 25 200 15 238 40 41 136 
247 250 45 80 101 159 182 145 75 42 
150 165 48 91 165 214 192 123 18 105 
194 136 246 220 74 146 47 107 48 101 
107 217 192 104 131 108 179 197 11 58 
95 202 39 163 42 144 159 31 68 218 
54 58 150 63 56 220 245 140 83 206 
156 100 167 122 217 41 32 242 6 32 
4 52 187 207 200 173 66 170 40 251 
75 239 119 247 225 207 51 243 157 206 
220 64 26 108 6 244 168 5 174 233 
69 246 202 9 201 1 35 201 96 243 
103 244 61 131 122 170 141 126 14 168 
170 33 115 202 146 198 176 205 151 196 
210 90 88 144 132 64 239 40 224 2 
108 177 133 145 131 94 234 90 129 149 
242 131 132 77 192 114 236 187 204 144 
13 45 54 76 38 54 91 98 151 11 
167 93 78 45 170 90 131 72 109 16 
165 91 6 13 148 26 106 66 16 145 
131 194 114 9 130 199 153 47 119 246 
40 115 30 228 239 175 252 216 166 9 
171 211 225 26 115 205 64 80 26 66 
230 144 252 237 45 32 94 212 152 197 
255 132 10 40 240 158 53 126 166 146 
84 104 78 171 29 24 96 76 241 182 
119 121 87 2 96 152 168 58 112 121 
12 62 27 149 164 242 195 147 9 228 
206 17 246 47 251 160 65 159 246 16 
16 21 42 239 73 45 